POS TEST: 76 documents
POS: 74, NEG: 2
Precision, Recall, and F1 for Positive Sentiments:
Precision: 0.5285714285714286
Recall: 0.9736842105263158
F1: 0.6851851851851852

NEG TEST:75 documents
POS: 66, NEG: 9
Precision, Recall and F1 for Negative Sentiments:
Precision: 0.8181818181818182
Recall: 0.12
F1: 0.20930232558139536

Total Accuracy: 0.5496688741721855
